{
 "cells": [
  {
   "cell_type": "markdown",
   "id": "8b770b4e",
   "metadata": {},
   "source": [
    "# Optimisation of rosenbrock and maximum likelihood functions"
   ]
  },
  {
   "cell_type": "markdown",
   "id": "46d24fa2",
   "metadata": {},
   "source": [
    "## Preliminaries"
   ]
  },
  {
   "cell_type": "code",
   "execution_count": 1,
   "id": "73e76ae1",
   "metadata": {},
   "outputs": [],
   "source": [
    "import numpy as np\n",
    "import jax as jnp\n",
    "from scipy.optimize import minimize\n",
    "from autograd import grad, hessian\n",
    "import pandas as pd\n",
    "import jax.numpy as jnp\n",
    "from jax import grad, hessian\n",
    "from jax import random\n",
    "from jax.scipy.special import expit\n",
    "from typing import List, Tuple\n",
    "import scipy.optimize as sy\n",
    "import matplotlib.pyplot as plt\n",
    "from matplotlib import cm\n",
    "import os\n",
    "import autograd.numpy as agnp\n",
    "from autograd import grad, hessian\n",
    "from scipy.misc import derivative"
   ]
  },
  {
   "cell_type": "markdown",
   "id": "37806377",
   "metadata": {},
   "source": [
    "## Question 1\n",
    "## Rosenbrock Constrained.\n",
    "\n",
    "Due Monday, March 6, 2023\n",
    "\n",
    "**(50 points)** Let's revisit the classic Rosenbrock function from last week. Recall that this f(x) is defined as\n",
    "\n",
    "$$\n",
    "f(\\mathbf{x}) = \\sum_{i=1}^{n-1} \\left[ a(1 - x_i)^2 + b(x_{i+1} - x_i^2)^2 \\right]\n",
    "$$\n",
    "\n",
    "for parameters \\( a \\) and \\( b \\). It is particularly well known as a test function for optimization, with many local minima. On Problem Set 4, we explored various optimizers and how well they were able to find the *unconstrained* minimum of this function. Now, consider the constrained minimization problem\n",
    "\n",
    "$$\n",
    "\\min_{\\mathbf{x} \\in \\mathbb{R}^n} \\sum_{i=1}^{n-1} \\left[ a(1 - x_i)^2 + b(x_{i+1} - x_i^2)^2 \\right]\n",
    "$$\n",
    "\n",
    "subject to\n",
    "\n",
    "$$\n",
    "\\sum_{i=1}^{n} x_i^2 = r\n",
    "$$\n",
    "\n",
    "where we constrain x to lie on the unit sphere of radius r .\n"
   ]
  },
  {
   "cell_type": "markdown",
   "id": "db79106b",
   "metadata": {},
   "source": [
    "### Part A\n",
    "\n",
    "(a) Sequential Quadratic Programming with Newton’s Method: Recall that SQP is a method for\n",
    "constrained optimization that attempts to solve the system of first order conditions of the Lagrangian\n",
    "directly as a root finding problem.\n"
   ]
  },
  {
   "cell_type": "markdown",
   "id": "606e2ad9",
   "metadata": {},
   "source": [
    "#### Part I)\n",
    "Let λ be the Lagrange multiplier on the constraint. Write down the Lagrangian L : R\n",
    "n × R → R\n",
    "for this problem"
   ]
  },
  {
   "cell_type": "code",
   "execution_count": 2,
   "id": "7214c521",
   "metadata": {},
   "outputs": [
    {
     "data": {
      "text/plain": [
       "' L(x,λ)=f(x)+λg(x) '"
      ]
     },
     "execution_count": 2,
     "metadata": {},
     "output_type": "execute_result"
    }
   ],
   "source": [
    "' L(x,λ)=f(x)+λg(x) '"
   ]
  },
  {
   "cell_type": "markdown",
   "id": "1a81c506",
   "metadata": {},
   "source": [
    "#### Part II)\n",
    "Write a function that calculates the value of the Lagrangian as a function of the point x and the\n",
    "multiplier"
   ]
  },
  {
   "cell_type": "code",
   "execution_count": 3,
   "id": "a029bd06",
   "metadata": {},
   "outputs": [],
   "source": [
    "def f(a, b, x):\n",
    "    n = len(x)\n",
    "    sum = 0\n",
    "    for i in range(1, n-1):\n",
    "        sum += a*(1-x[i])**2 + b*(x[i+1]-x[i]**2)**2\n",
    "    return sum\n",
    "\n",
    "# Define the constraint function\n",
    "r = 1\n",
    "# Define the Lagrangian function\n",
    "def lagrangian(a,b,y,r):\n",
    "    x = y[:-1]\n",
    "    l = y[-1]\n",
    "    #defining the constraint within the \n",
    "    g = r - np.dot(x,x)\n",
    "    return f(a,b,x) + l * g"
   ]
  },
  {
   "cell_type": "markdown",
   "id": "466d4a07",
   "metadata": {},
   "source": [
    "#### Part III)\n",
    "Write a function that calculates the gradient DL(x, λ). You can either use a package for autodifferentiation, or you can calculate the gradient by han"
   ]
  },
  {
   "cell_type": "code",
   "execution_count": 4,
   "id": "4120dac9",
   "metadata": {},
   "outputs": [],
   "source": [
    "def gradfunc(a,b,y,r):\n",
    "    return grad(lagrangian, argnum = 2)(a,b,y,r)"
   ]
  },
  {
   "cell_type": "markdown",
   "id": "77338fc6",
   "metadata": {},
   "source": [
    "#### Part IV)\n",
    "Test out your gradient on several different points (to be comprehensive, try sampling 100 points\n",
    "uniformly on the unit square [0, 1]n and calculate the root mean squared error1 and compare\n",
    "the results to what you would get if you use finite differences. Set a = 1, and compare the results\n",
    "when b = 1 as well vs. when b = 100. What about if b = 1000? Is there a value of b where finite\n",
    "differences stop working wel"
   ]
  },
  {
   "cell_type": "code",
   "execution_count": 5,
   "id": "0a3db214",
   "metadata": {},
   "outputs": [
    {
     "name": "stdout",
     "output_type": "stream",
     "text": [
      "[7.37066061e-11 2.05318835e-09 1.97998807e-09 1.95296168e-09\n",
      " 9.11340440e-11]\n",
      "[2.09027219e-10 2.00918307e-08 1.93798057e-08 1.91819773e-08\n",
      " 4.05717356e-10]\n",
      "[1.70584700e-09 2.00721380e-07 1.93397439e-07 1.91110479e-07\n",
      " 3.77325931e-09]\n",
      "[1.50348486e-08 2.00142601e-06 1.93996770e-06 1.91512596e-06\n",
      " 3.23165750e-08]\n",
      "[1.73301384e-07 2.00309042e-05 1.92842793e-05 1.90963095e-05\n",
      " 3.87932245e-07]\n",
      "[1.42166158e-05 2.01063326e-03 1.93672773e-03 1.91310035e-03\n",
      " 3.06897015e-05]\n",
      "[0.00013539 0.01999677 0.01931884 0.01917776 0.00032361]\n"
     ]
    },
    {
     "data": {
      "text/plain": [
       "'as you can see, the RMSE increases at the highest values of b, but stays\\n reasonably low for lower values, although it gradually increases'"
      ]
     },
     "execution_count": 5,
     "metadata": {},
     "output_type": "execute_result"
    }
   ],
   "source": [
    "# Define the first-order conditions\n",
    "k = 100\n",
    "n = 5\n",
    "points = np.random.rand(k, n)\n",
    "\n",
    "\n",
    "y1 = []\n",
    "y2 = []\n",
    "a = 1.0\n",
    "λ = 0.5\n",
    "b = 100\n",
    "\n",
    "for i in range(k):\n",
    "    a = 1.0\n",
    "    x = points[i]\n",
    "    λ = 1.0\n",
    "    y = np.append(x,λ)\n",
    "    gradient = grad(lagrangian, argnum = 2)(a,b,y,r)\n",
    "    y1.append(gradient[:5])\n",
    "\n",
    "#define a function to find the RMSE\n",
    "def RMSE(y1, y2):\n",
    "    y2 = np.array(y2)\n",
    "    yhat = np.array(y1)\n",
    "    return np.sqrt((1/100)*(sum(abs(y2 - yhat))**2))\n",
    "\n",
    "h = 1e-5  # small value for finite differences\n",
    "\n",
    "#define a function that outputs the RMSE of the gradient functions for different values of b\n",
    "def tests(b): \n",
    "    y1 = []\n",
    "    y1 = []\n",
    "    y2 = []\n",
    "    a = 1.0\n",
    "    λ = 0.5\n",
    "    for i in range(k):\n",
    "        a = 1.0\n",
    "        x = points[i]\n",
    "        λ = 1.0\n",
    "        y = np.append(x,λ)\n",
    "        gradient = grad(lagrangian, argnum = 2)(a,b,y,r)\n",
    "        y1.append(gradient[:5])\n",
    "    \n",
    "        \n",
    "    h = 1e-5  # small value for finite differences\n",
    "    \n",
    "    for i in range(k):\n",
    "        a = 1.0\n",
    "        x = points[i]\n",
    "        λ = 1.0\n",
    "        y = np.append(x, λ)\n",
    "    \n",
    "        gradient = np.zeros_like(y)\n",
    "        for j in range(len(x)):\n",
    "            x_plus = x.copy()\n",
    "            x_plus[j] += h\n",
    "            y_plus = np.append(x_plus, λ)\n",
    "            fx_plus = lagrangian(a, b, y_plus,r)\n",
    "    \n",
    "            x_minus = x.copy()\n",
    "            x_minus[j] -= h\n",
    "            y_minus = np.append(x_minus, λ)\n",
    "            fx_minus = lagrangian(a, b, y_minus,r)\n",
    "    \n",
    "            gradient[j] = (fx_plus - fx_minus) / (2 * h)\n",
    "        y2.append(gradient[:5])\n",
    "    print(RMSE(y1, y2))\n",
    "\n",
    "#testing for increasing values, as b increases, so does the RMSE\n",
    "b_vals = [1,10,100,1000,10000,1000000,10000000]\n",
    "for i in b_vals:\n",
    "    tests(i)\n",
    "\n",
    "\n",
    "'''as you can see, the RMSE increases at the highest values of b, but stays\n",
    " reasonably low for lower values, although it gradually increases'''\n"
   ]
  },
  {
   "cell_type": "markdown",
   "id": "a41baa97",
   "metadata": {},
   "source": [
    "#### Part V)\n",
    "Of course, for Newton’s method, you actually need the Hessian as well. Write a function that\n",
    "calculates the Hessian D2L(x, λ)"
   ]
  },
  {
   "cell_type": "code",
   "execution_count": 6,
   "id": "1e18ad38",
   "metadata": {},
   "outputs": [],
   "source": [
    "def hessian_function(f):\n",
    "    hessian_lagrangian = hessian(lagrangian)(a,b,y,r)\n",
    "    return hessian_lagrangian"
   ]
  },
  {
   "cell_type": "markdown",
   "id": "688e093a",
   "metadata": {},
   "source": [
    "#### Part VI)\n",
    "For Newton's method on y, we calculate our next iteration as:\n",
    "\n",
    "$$\n",
    "D^2L(y^k)s^k = -DL(y^k)\n",
    "$$\n",
    "\n",
    "$$\n",
    "y^{k+1} = y^k + \\alpha s^k\n",
    "$$\n",
    "\n",
    "where \\( \\alpha = 1 \\), and \\( s^k \\) is the solution to the linear system in the first line. Write a function that calculates the search direction \\( s^k \\) given an initial point \\( y^k \\).\n"
   ]
  },
  {
   "cell_type": "code",
   "execution_count": 7,
   "id": "57b99cea",
   "metadata": {},
   "outputs": [],
   "source": [
    "#calculating the search direction by solving for sk\n",
    "def searchdirection(a,b,y,r):\n",
    "    return np.linalg.solve(hessian(lagrangian, argnum=2)(a, b, y,r), -(grad(lagrangian, argnum = 2)(a,b,y,r)))\n"
   ]
  },
  {
   "cell_type": "markdown",
   "id": "38f83eed",
   "metadata": {},
   "source": [
    "#### Part VII)\n",
    "For now, we’ll just use regular Newton’s method. Write a function that puts this all together to\n",
    "take in y^k and output the next step in Newton’s method y^k+1"
   ]
  },
  {
   "cell_type": "code",
   "execution_count": 8,
   "id": "8eddaa31",
   "metadata": {},
   "outputs": [],
   "source": [
    "def newtons(a,b,y,r):\n",
    "    return searchdirection(a, b, y,r) + y\n",
    "#Solving the last line of newtons method for yk+1 by adding sk to yk"
   ]
  },
  {
   "cell_type": "markdown",
   "id": "164af6b3",
   "metadata": {},
   "source": [
    "#### Part VIII)\n",
    "Finally, we need to choose a stopping criterion. Since this is a root finding problem, a natural\n",
    "way to choose when to stop is when DL(y) is sufficiently small. Write a function that checks for\n",
    "convergence by computing the norm of the gradient ||DL(y)||2\n",
    ". For any given tolerance \u000f, return\n",
    "true if ||DL(y)||2 < \u000f, and false otherwise."
   ]
  },
  {
   "cell_type": "code",
   "execution_count": 9,
   "id": "5ff24706",
   "metadata": {},
   "outputs": [],
   "source": [
    "#setting the threshold value, e very low to help converge close to the minumum\n",
    "e = 1e-6\n",
    "def convergencechecker(a,b,e,y,r):\n",
    "    gradient = grad(lagrangian, argnum = 2)(a,b,y,r)\n",
    "    norm = np.linalg.norm(gradient)\n",
    "    if norm>e:\n",
    "        return False\n",
    "    else:\n",
    "        return True\n",
    "#when the norm is less than the threshold value, the funciton will have converged"
   ]
  },
  {
   "cell_type": "markdown",
   "id": "ef2b4143",
   "metadata": {},
   "source": [
    "#### Part IX)\n",
    "Let’s try it out for a simple example. Set n = 2, a = b = 1, and r = 2. Start with x0 = (0, 0) and\n",
    "λ0 = 0. Make a plot showing the progress of the algorithm (plot the values of x\n",
    "k at each step, the\n",
    "constraint set, and the contours of f). Use a tolerance of \u000f = 10−6\n",
    ". How is the algorithm doing?"
   ]
  },
  {
   "cell_type": "code",
   "execution_count": 10,
   "id": "c4d7f607",
   "metadata": {},
   "outputs": [
    {
     "name": "stdout",
     "output_type": "stream",
     "text": [
      "[50.005  50.005  -4.9995]\n",
      "[25.012499  25.012499  -2.4987503]\n",
      "[12.52623951 12.52623951 -1.24737815]\n",
      "[ 6.30303596  6.30303596 -0.61971417]\n",
      "[ 3.23084483  3.23084483 -0.30205767]\n",
      "[ 1.7701807  1.7701807 -0.1365602]\n",
      "[ 1.16754739  1.16754739 -0.04649001]\n",
      "[ 1.01202184  1.01202184 -0.0061928 ]\n",
      "[ 1.00007140e+00  1.00007140e+00 -7.31274873e-05]\n",
      "[ 1.00000000e+00  1.00000000e+00 -5.22102647e-09]\n"
     ]
    }
   ],
   "source": [
    "convergence = False\n",
    "i = 0\n",
    "r = 2\n",
    "a = 1\n",
    "b = 1\n",
    "#for the sake of the question, predefine y0 with lambda, where its the last term of y0\n",
    "y0 = [0.01,0.01,0.001]\n",
    "y0 = np.array(y0)\n",
    "\n",
    "#Iteration condition added in to ensure if code isnt working the loop will eventually break.\n",
    "while convergence == False and i < 1000:\n",
    "    yk1 = newtons(a,b,y0,r)\n",
    "    y0 = yk1\n",
    "    convergence = convergencechecker(a,b,e,yk1,r)\n",
    "    i += 1\n",
    "    print (yk1)"
   ]
  },
  {
   "cell_type": "markdown",
   "id": "ad7de904",
   "metadata": {},
   "source": [
    "#### Part X)\n",
    "Now, let’s put it all together. Write a function that solves for the constrained optimum of eq. (1).\n",
    "It should take as inputs: the parameters a and b, the dimension n, an initial value, as well as a\n",
    "tolerance parameter (to control when to stop). It should return:\n",
    "• the function value of f at the optimum you find\n",
    "• the value of x that attains the minimum\n",
    "• (for diagnostic purposes) the Lagrange multiplier λ\n",
    "• the number of Newton steps you took,\n",
    "• the norm of DL when you stopped, and\n",
    "• how badly you’re deviating from the constraint"
   ]
  },
  {
   "cell_type": "code",
   "execution_count": 11,
   "id": "d5b4be46",
   "metadata": {},
   "outputs": [
    {
     "name": "stdout",
     "output_type": "stream",
     "text": [
      "[ 5.05    5.05   -0.0495]\n",
      "[ 2.6240099   2.6240099  -0.02377951]\n",
      "[ 1.50255301  1.50255301 -0.01016295]\n",
      "[ 1.08404347  1.08404347 -0.00283071]\n",
      "[ 1.00325785e+00  1.00325785e+00 -2.10951621e-04]\n",
      "[ 1.00000529e+00  1.00000529e+00 -6.83905068e-07]\n",
      "[ 1.00000000e+00  1.00000000e+00 -3.61753111e-12]\n",
      "the value of x at the minumum is [1. 1.]\n",
      "the value of the function at the minimum is  -0.17977961483606308\n",
      "lambda is -3.6175311075431336e-12\n",
      "we took 7 newton steps\n",
      "the norm of DL was 167.9060302180173\n",
      "the devaition from the constraint is -2.7979396577393345e-11\n"
     ]
    }
   ],
   "source": [
    "initial = [0.1,0.1]\n",
    "lda = 0.001\n",
    "def wholething(a,b,r,x,e,n,lda,initial):\n",
    "    i = 0\n",
    "    y0 = np.append(initial,lda)\n",
    "    convergence = False\n",
    "    while convergence == False and i < 1000:\n",
    "        yk1 = newtons(a, b, y0, r)\n",
    "        y0 = yk1\n",
    "        convergence = convergencechecker(a,b,e,yk1,r)\n",
    "        i += 1\n",
    "        print(y0)\n",
    "    print('the value of x at the minumum is', y0[:-1])\n",
    "    print('the value of the function at the minimum is ', lagrangian(a,b,y,r))\n",
    "    print('lambda is',yk1[-1])\n",
    "    print('we took',i,'newton steps')\n",
    "    print('the norm of DL was',np.linalg.norm(gradient))\n",
    "    print('the devaition from the constraint is',r-sum(yk1[:-1]))\n",
    "\n",
    "wholething(a,b,r,x,e,n,lda,initial)\n"
   ]
  },
  {
   "cell_type": "markdown",
   "id": "ee8f5dbc",
   "metadata": {},
   "source": [
    "#### Part XI)\n",
    "Keep r = 2, and move around your initial starting point x0. How sensitive are your results to\n",
    "the initial guess? We know that in this case, the true minimum is at x such that xi = 1 for all i.\n",
    "How close do you need to make x0 to the true minimum to ensure convergence?"
   ]
  },
  {
   "cell_type": "code",
   "execution_count": 36,
   "id": "3e534abf",
   "metadata": {},
   "outputs": [
    {
     "ename": "NameError",
     "evalue": "name 'x1vals' is not defined",
     "output_type": "error",
     "traceback": [
      "\u001b[0;31m---------------------------------------------------------------------------\u001b[0m",
      "\u001b[0;31mNameError\u001b[0m                                 Traceback (most recent call last)",
      "\u001b[0;32m/var/folders/8z/7dxnkv1j35lg99sjl3q98jwr0000gn/T/ipykernel_55679/1362717638.py\u001b[0m in \u001b[0;36m<module>\u001b[0;34m\u001b[0m\n\u001b[0;32m----> 1\u001b[0;31m \u001b[0mx\u001b[0m \u001b[0;34m=\u001b[0m \u001b[0mx1vals\u001b[0m\u001b[0;34m\u001b[0m\u001b[0;34m\u001b[0m\u001b[0m\n\u001b[0m\u001b[1;32m      2\u001b[0m \u001b[0my\u001b[0m \u001b[0;34m=\u001b[0m \u001b[0mx2vals\u001b[0m\u001b[0;34m\u001b[0m\u001b[0;34m\u001b[0m\u001b[0m\n\u001b[1;32m      3\u001b[0m \u001b[0mX\u001b[0m\u001b[0;34m,\u001b[0m \u001b[0mY\u001b[0m \u001b[0;34m=\u001b[0m \u001b[0mnp\u001b[0m\u001b[0;34m.\u001b[0m\u001b[0mmeshgrid\u001b[0m\u001b[0;34m(\u001b[0m\u001b[0mx\u001b[0m\u001b[0;34m,\u001b[0m \u001b[0my\u001b[0m\u001b[0;34m)\u001b[0m\u001b[0;34m\u001b[0m\u001b[0;34m\u001b[0m\u001b[0m\n\u001b[1;32m      4\u001b[0m \u001b[0mZ\u001b[0m \u001b[0;34m=\u001b[0m \u001b[0mf\u001b[0m\u001b[0;34m(\u001b[0m\u001b[0ma\u001b[0m\u001b[0;34m,\u001b[0m\u001b[0mb\u001b[0m\u001b[0;34m,\u001b[0m\u001b[0;34m[\u001b[0m\u001b[0mX\u001b[0m\u001b[0;34m,\u001b[0m\u001b[0mY\u001b[0m\u001b[0;34m]\u001b[0m\u001b[0;34m)\u001b[0m\u001b[0;34m\u001b[0m\u001b[0;34m\u001b[0m\u001b[0m\n\u001b[1;32m      5\u001b[0m \u001b[0;34m\u001b[0m\u001b[0m\n",
      "\u001b[0;31mNameError\u001b[0m: name 'x1vals' is not defined"
     ]
    }
   ],
   "source": [
    "x = x1vals\n",
    "y = x2vals\n",
    "X, Y = np.meshgrid(x, y)\n",
    "Z = f(a,b,[X,Y])\n",
    "\n",
    "# Create a contour plot\n",
    "fig, ax = plt.subplots()\n",
    "cs = ax.contourf(X, Y, Z, cmap=\"RdBu_r\")\n",
    "fig.colorbar(cs, ax=ax)\n",
    "ax.set_title('Contour plot of Rosenbrock function')\n",
    "ax.set_xlabel('x0')\n",
    "ax.set_ylabel('x1')\n",
    "plt.show()\n",
    "# Generate mesh grids to try and create a contour map of X, Y and Z, where x and y are the values of x0 and x1 respectively as they converge to the minimum, 1.\n",
    "#However, we could not work out how to implement the rosenbrock function as Z, as is required for a contour map"
   ]
  },
  {
   "cell_type": "markdown",
   "id": "5a141342",
   "metadata": {},
   "source": [
    "#### Part XII)\n",
    "Try out your function for a variety of parameters and report the results. How is the algorithm\n",
    "doing?"
   ]
  },
  {
   "cell_type": "code",
   "execution_count": 12,
   "id": "c03fed67",
   "metadata": {},
   "outputs": [
    {
     "name": "stdout",
     "output_type": "stream",
     "text": [
      "[ 5.05    5.05   -0.0495]\n",
      "[ 2.6240099   2.6240099  -0.02377951]\n",
      "[ 1.50255301  1.50255301 -0.01016295]\n",
      "[ 1.08404347  1.08404347 -0.00283071]\n",
      "[ 1.00325785e+00  1.00325785e+00 -2.10951621e-04]\n",
      "[ 1.00000529e+00  1.00000529e+00 -6.83905068e-07]\n",
      "[ 1.00000000e+00  1.00000000e+00 -3.61753111e-12]\n",
      "the value of x at the minumum is [1. 1.]\n",
      "the value of the function at the minimum is  -0.17977961483606308\n",
      "lambda is -3.6175311075431336e-12\n",
      "we took 7 newton steps\n",
      "the norm of DL was 167.9060302180173\n",
      "the devaition from the constraint is -2.7979396577393345e-11\n",
      "[1.0025e+01 1.0025e+01 4.9875e-04]\n",
      "[5.06237531e+00 5.06237531e+00 2.46893672e-04]\n",
      "[2.62995552e+00 2.62995552e+00 1.18629896e-04]\n",
      "[1.50509504e+00 1.50509504e+00 5.07392919e-05]\n",
      "[1.08475246e+00 1.08475246e+00 1.41704574e-05]\n",
      "[1.00331088e+00 1.00331088e+00 1.06389649e-06]\n",
      "[1.00000546e+00 1.00000546e+00 3.50502108e-09]\n",
      "[1.00000000e+00 1.00000000e+00 1.91473843e-14]\n",
      "the value of x at the minumum is [1. 1.]\n",
      "the value of the function at the minimum is  -0.17977961483606308\n",
      "lambda is 1.9147384258761917e-14\n",
      "we took 8 newton steps\n",
      "the norm of DL was 167.9060302180173\n",
      "the devaition from the constraint is -2.984279490192421e-11\n",
      "[2.501e+01 2.501e+01 4.998e-04]\n",
      "[1.2524992e+01 1.2524992e+01 2.4950048e-04]\n",
      "[6.30241619e+00 6.30241619e+00 1.23955021e-04]\n",
      "[3.23054275e+00 3.23054275e+00 6.04171681e-05]\n",
      "[1.77004413e+00 1.77004413e+00 2.73140452e-05]\n",
      "[1.16750090e+00 1.16750090e+00 9.29801283e-06]\n",
      "[1.01201564e+00 1.01201564e+00 1.23828931e-06]\n",
      "[1.00007133e+00 1.00007133e+00 1.46149080e-08]\n",
      "[1.00000000e+00 1.00000000e+00 1.04238106e-12]\n",
      "the value of x at the minumum is [1. 1.]\n",
      "the value of the function at the minimum is  -0.17977961483606308\n",
      "lambda is 1.0423810553568152e-12\n",
      "we took 9 newton steps\n",
      "the norm of DL was 167.9060302180173\n",
      "the devaition from the constraint is -5.0877151380746e-09\n",
      "[5.0009901e+01 5.0009901e+00 4.9990099e-04]\n",
      "[2.50247486e+01 2.50247486e+00 2.49752593e-04]\n",
      "[1.25519391e+01 1.25519391e+00 1.24481431e-04]\n",
      "[6.35484970e+00 6.35484970e-01 6.14584367e-05]\n",
      "[3.33322696e+00 3.33322696e-01 2.92224393e-05]\n",
      "[1.96365266e+00 1.96365266e-01 1.20070737e-05]\n",
      "[1.48603923e+00 1.48603923e-01 2.92044502e-06]\n",
      "[1.40928669e+00 1.40928669e-01 1.50838271e-07]\n",
      "[1.40719664e+00 1.40719664e-01 2.23701255e-10]\n",
      "[1.40719509e+00 1.40719509e-01 2.46740988e-16]\n",
      "the value of x at the minumum is [1.40719509 0.14071951]\n",
      "the value of the function at the minimum is  -0.17977961483606308\n",
      "lambda is 2.467409875136812e-16\n",
      "we took 10 newton steps\n",
      "the norm of DL was 167.9060302180173\n",
      "the devaition from the constraint is 0.4520854015924163\n",
      "[ 7.55    7.55   -0.0745]\n",
      "[ 3.87433775  3.87433775 -0.03626978]\n",
      "[ 2.13075035  2.13075035 -0.01632267]\n",
      "[ 1.41736385  1.41736385 -0.00546492]\n",
      "[ 1.23783328e+00  1.23783328e+00 -6.92214263e-04]\n",
      "[ 1.22481407e+00  1.22481407e+00 -7.28053128e-06]\n",
      "[ 1.22474487e+00  1.22474487e+00 -4.11303222e-10]\n",
      "the value of x at the minumum is [1.22474487 1.22474487]\n",
      "the value of the function at the minimum is  0.8202203851639369\n",
      "lambda is -4.113032220446613e-10\n",
      "we took 7 newton steps\n",
      "the norm of DL was 167.9060302180173\n",
      "the devaition from the constraint is 0.5505102533075781\n",
      "[0.05   0.05   0.0005]\n",
      "[0.025   0.025   0.00025]\n",
      "[0.0125   0.0125   0.000125]\n",
      "[6.25e-03 6.25e-03 6.25e-05]\n",
      "[3.125e-03 3.125e-03 3.125e-05]\n",
      "[1.5625e-03 1.5625e-03 1.5625e-05]\n",
      "[7.8125e-04 7.8125e-04 7.8125e-06]\n",
      "[3.90625e-04 3.90625e-04 3.90625e-06]\n",
      "the value of x at the minumum is [0.00039062 0.00039062]\n",
      "the value of the function at the minimum is  -2.179779614836063\n",
      "lambda is 3.906250000000001e-06\n",
      "we took 8 newton steps\n",
      "the norm of DL was 167.9060302180173\n",
      "the devaition from the constraint is -0.0007812499999999999\n",
      "[ 5.05    5.05   -0.0495]\n",
      "[ 2.6240099   2.6240099  -0.02377951]\n",
      "[ 1.50255301  1.50255301 -0.01016295]\n",
      "[ 1.08404347  1.08404347 -0.00283071]\n",
      "[ 1.00325785e+00  1.00325785e+00 -2.10951621e-04]\n",
      "[ 1.00000529e+00  1.00000529e+00 -6.83905068e-07]\n",
      "[ 1.00000000e+00  1.00000000e+00 -3.61753111e-12]\n",
      "the value of x at the minumum is [1. 1.]\n",
      "the value of the function at the minimum is  39573341.89070156\n",
      "lambda is -3.6175311075431336e-12\n",
      "we took 7 newton steps\n",
      "the norm of DL was 167.9060302180173\n",
      "the devaition from the constraint is -2.7979396577393345e-11\n"
     ]
    },
    {
     "data": {
      "text/plain": [
       "'making the values of a and b very high doesnt have an effect on the convergence point'"
      ]
     },
     "execution_count": 12,
     "metadata": {},
     "output_type": "execute_result"
    }
   ],
   "source": [
    "'it still holds up with initial guesses of 10'\n",
    "initial = [0.1,0.1]\n",
    "wholething(a,b,r,x,e,n,lda,initial)\n",
    "wholething(a,b,r,x,e,n,lda,initial = [20,20])\n",
    "wholething(a,b,r,x,e,n,lda,initial = [50,50])\n",
    "'the function seems to struggle to converge when the values of x are different'\n",
    "wholething(a,b,r,x,e,n,lda,initial = [100,10])\n",
    "r = 3\n",
    "wholething(a,b,r,x,e,n,lda,initial)\n",
    "r =2\n",
    "wholething(a,b,r == 5,x,e,n,lda,initial)\n",
    "'changing the value of r changes the convergence points'\n",
    "a = 100000000\n",
    "b =100000000\n",
    "wholething(a,b,r,x,e,n,lda,initial)\n",
    "'making the values of a and b very high doesnt have an effect on the convergence point'"
   ]
  },
  {
   "cell_type": "markdown",
   "id": "2b051d81",
   "metadata": {},
   "source": [
    "### Part B\n",
    "Penalty Method: Recall that the penalty method works by solving a sequence of augmented problems\n",
    "min x∈Rn f(x)+Pk||g(x)||\n",
    "where Pk controls the strength of the penalty for violating the constraint.\n",
    "\n",
    "(i) Try solving the problem directly when a = b = r = 10, n = 10, and Pk = 1012. Start with x0 = 0.\n",
    "Use your favorite algorithm for the unconstrained problem. (Here it’s okay to use someone else’s\n",
    "implementation). How well does this fare? Do you converge? If you do, how long does it take\n",
    "(how many function evaluations)?\n",
    "\n",
    "(ii) Now try starting with P0 = 1, and solve a sequence of problems. Use the solution at k as a\n",
    "“warm-start” for the k + 1th problem. Set Pk+1 = 10 × Pk at each iteration. Repeat until you\n",
    "reach P12 = 1012. How do your results compare? Do you converge to the true minimum? If not,\n",
    "try again with a better initial guess (remember, in this case you know where the true minimum\n",
    "is). Does it improve?\n",
    "\n",
    "(iii) Repeat with b = 1000. Does anything change?\n",
    "\n",
    "(iv) What about with r = 1?"
   ]
  },
  {
   "cell_type": "markdown",
   "id": "c767f7e2",
   "metadata": {},
   "source": [
    "#### Part I)"
   ]
  },
  {
   "cell_type": "code",
   "execution_count": 13,
   "id": "7d4670c0",
   "metadata": {},
   "outputs": [
    {
     "name": "stdout",
     "output_type": "stream",
     "text": [
      "      fun: 100000000000080.0\n",
      " hess_inv: array([[1, 0, 0, 0, 0, 0, 0, 0, 0, 0],\n",
      "       [0, 1, 0, 0, 0, 0, 0, 0, 0, 0],\n",
      "       [0, 0, 1, 0, 0, 0, 0, 0, 0, 0],\n",
      "       [0, 0, 0, 1, 0, 0, 0, 0, 0, 0],\n",
      "       [0, 0, 0, 0, 1, 0, 0, 0, 0, 0],\n",
      "       [0, 0, 0, 0, 0, 1, 0, 0, 0, 0],\n",
      "       [0, 0, 0, 0, 0, 0, 1, 0, 0, 0],\n",
      "       [0, 0, 0, 0, 0, 0, 0, 1, 0, 0],\n",
      "       [0, 0, 0, 0, 0, 0, 0, 0, 1, 0],\n",
      "       [0, 0, 0, 0, 0, 0, 0, 0, 0, 1]])\n",
      "      jac: array([0., 0., 0., 0., 0., 0., 0., 0., 0., 0.])\n",
      "  message: 'Optimization terminated successfully.'\n",
      "     nfev: 11\n",
      "      nit: 0\n",
      "     njev: 1\n",
      "   status: 0\n",
      "  success: True\n",
      "        x: array([0., 0., 0., 0., 0., 0., 0., 0., 0., 0.])\n"
     ]
    }
   ],
   "source": [
    "def f(a, b, x, n):\n",
    "    sum = 0\n",
    "    for i in range(1, n-1):\n",
    "        function = (a*(1-x[i])**2 + b*(x[i+1]-x[i]**2)**2)\n",
    "        sum += function\n",
    "    return sum\n",
    "\n",
    "def penalty(x, Pk, params):\n",
    "    a, b, r, n = params\n",
    "    function4 = f(a, b, x, n) + Pk * (r - np.dot(x,x))**2\n",
    "    return function4\n",
    "\n",
    "a = b = r = n = 10\n",
    "params = [a, b, r, n]\n",
    "Pk = 10**12\n",
    "x0 = np.zeros(n)\n",
    "solution = minimize(penalty, x0, args=(Pk, params))\n",
    "print(solution)\n"
   ]
  },
  {
   "cell_type": "markdown",
   "id": "1a003273",
   "metadata": {},
   "source": [
    "### Comment\n",
    "This does not converge to the global minimum of x=1. This is due to the fact that the penalty Pk=10^12 is too large. To solve this problem, we can implement an incremental step for Pk, where Pk starts small and slowly inreases until the minimum is found. In this example, we return 11 function evaluations."
   ]
  },
  {
   "cell_type": "markdown",
   "id": "9f844bfe",
   "metadata": {},
   "source": [
    "#### Part II)"
   ]
  },
  {
   "cell_type": "code",
   "execution_count": 14,
   "id": "513bdb3b",
   "metadata": {},
   "outputs": [
    {
     "name": "stdout",
     "output_type": "stream",
     "text": [
      "      fun: 1.591899170756324e-12\n",
      " hess_inv: array([[ 7.71488988e-01,  1.92785532e-02,  2.24035006e-02,\n",
      "         2.44033016e-02,  2.66581426e-02,  3.12844257e-02,\n",
      "         4.32222102e-02,  7.33117363e-02,  1.52041670e-01,\n",
      "         3.58617653e-01],\n",
      "       [ 1.92785532e-02,  1.04315741e-02,  4.07097821e-03,\n",
      "         1.95061612e-03,  7.05257872e-04,  7.77157661e-06,\n",
      "        -1.19960918e-04,  1.67284085e-04,  4.49802000e-04,\n",
      "         1.58535520e-03],\n",
      "       [ 2.24035006e-02,  4.07097821e-03,  9.67288297e-03,\n",
      "         3.76607835e-03,  1.46412654e-03,  5.25756531e-04,\n",
      "         2.43745413e-04, -1.52695943e-04,  5.86060854e-04,\n",
      "         2.24442837e-03],\n",
      "       [ 2.44033016e-02,  1.95061612e-03,  3.76607835e-03,\n",
      "         9.18683323e-03,  3.45348127e-03,  1.51303045e-03,\n",
      "         4.82505726e-04,  1.70465818e-04,  9.28944931e-04,\n",
      "         2.91973965e-03],\n",
      "       [ 2.66581426e-02,  7.05257872e-04,  1.46412654e-03,\n",
      "         3.45348127e-03,  9.49374695e-03,  3.40547105e-03,\n",
      "         1.34935925e-03,  9.47231655e-04,  1.58118553e-03,\n",
      "         4.16150892e-03],\n",
      "       [ 3.12844257e-02,  7.77157661e-06,  5.25756531e-04,\n",
      "         1.51303045e-03,  3.40547105e-03,  9.50066012e-03,\n",
      "         3.68207537e-03,  2.41549038e-03,  3.13050319e-03,\n",
      "         6.93349793e-03],\n",
      "       [ 4.32222102e-02, -1.19960918e-04,  2.43745413e-04,\n",
      "         4.82505726e-04,  1.34935925e-03,  3.68207537e-03,\n",
      "         1.04466192e-02,  5.90349240e-03,  6.87821165e-03,\n",
      "         1.39444496e-02],\n",
      "       [ 7.33117363e-02,  1.67284085e-04, -1.52695943e-04,\n",
      "         1.70465818e-04,  9.47231655e-04,  2.41549038e-03,\n",
      "         5.90349240e-03,  1.47646701e-02,  1.59643509e-02,\n",
      "         3.23936141e-02],\n",
      "       [ 1.52041670e-01,  4.49802000e-04,  5.86060854e-04,\n",
      "         9.28944931e-04,  1.58118553e-03,  3.13050319e-03,\n",
      "         6.87821165e-03,  1.59643509e-02,  3.98578545e-02,\n",
      "         8.13301271e-02],\n",
      "       [ 3.58617653e-01,  1.58535520e-03,  2.24442837e-03,\n",
      "         2.91973965e-03,  4.16150892e-03,  6.93349793e-03,\n",
      "         1.39444496e-02,  3.23936141e-02,  8.13301271e-02,\n",
      "         2.09994174e-01]])\n",
      "      jac: array([-3.92564793e-06,  4.45303600e-06,  4.55916583e-06,  4.70369393e-06,\n",
      "        4.21893553e-06,  4.20656685e-06,  3.55999646e-06,  2.71039886e-06,\n",
      "        2.63123886e-06,  4.07876586e-06])\n",
      "  message: 'Optimization terminated successfully.'\n",
      "     nfev: 880\n",
      "      nit: 49\n",
      "     njev: 80\n",
      "   status: 0\n",
      "  success: True\n",
      "        x: array([-1.0000015 ,  0.99999997,  0.99999997,  0.99999996,  0.99999995,\n",
      "        0.99999994,  0.99999991,  0.99999984,  0.9999997 ,  0.99999933])\n"
     ]
    }
   ],
   "source": [
    "Pk=1\n",
    "def penalty(x, Pk, params):\n",
    "    for k in range (1,13):\n",
    "        Pk*=10\n",
    "        a, b, r, n = params\n",
    "        function4 = f(a, b, x, n) + Pk* (r - np.dot(x,x))**2\n",
    "        return function4\n",
    "x0 = np.ones(n) * 0\n",
    "solution2 = minimize(penalty, x0, args=(Pk, params))\n",
    "print(solution2)\n"
   ]
  },
  {
   "cell_type": "markdown",
   "id": "4944efd2",
   "metadata": {},
   "source": [
    "### Comment\n",
    "Now, when increasing Pk incremently, we find the true global solution of the array of x=1. To check, we started wtih an intial guess of x0=np.ones(n), as this is the true solution. Then, we updated the inital guess to be an array of zeros and we return the correct solution as well, confirming our results. This returns 880 function evaluations."
   ]
  },
  {
   "cell_type": "markdown",
   "id": "855e19c8",
   "metadata": {},
   "source": [
    "#### Part III)"
   ]
  },
  {
   "cell_type": "code",
   "execution_count": 15,
   "id": "eb5a488c",
   "metadata": {},
   "outputs": [
    {
     "name": "stdout",
     "output_type": "stream",
     "text": [
      "      fun: 2.14492070305429e-10\n",
      " hess_inv: array([[5.57548767e-01, 1.52386359e-03, 2.70735517e-03, 4.64361637e-03,\n",
      "        8.93192259e-03, 1.77050541e-02, 3.53339270e-02, 6.96400268e-02,\n",
      "        1.39329218e-01, 2.78494219e-01],\n",
      "       [1.52386359e-03, 1.64486863e-04, 7.75221508e-05, 4.91735571e-05,\n",
      "        3.72196297e-05, 4.79179932e-05, 8.34542818e-05, 1.54936129e-04,\n",
      "        3.05249318e-04, 6.09462314e-04],\n",
      "       [2.70735517e-03, 7.75221508e-05, 1.63889805e-04, 1.03675005e-04,\n",
      "        7.62511836e-05, 9.15498080e-05, 1.55896700e-04, 2.95210238e-04,\n",
      "        5.79162977e-04, 1.16018761e-03],\n",
      "       [4.64361637e-03, 4.91735571e-05, 1.03675005e-04, 2.28032859e-04,\n",
      "        1.61571363e-04, 1.71644553e-04, 2.69967671e-04, 5.28138682e-04,\n",
      "        1.03707638e-03, 2.09028534e-03],\n",
      "       [8.93192259e-03, 3.72196297e-05, 7.62511836e-05, 1.61571363e-04,\n",
      "        3.10351633e-04, 3.56211761e-04, 5.82928616e-04, 1.09386463e-03,\n",
      "        2.17229705e-03, 4.33959856e-03],\n",
      "       [1.77050541e-02, 4.79179932e-05, 9.15498080e-05, 1.71644553e-04,\n",
      "        3.56211761e-04, 7.18754194e-04, 1.18992835e-03, 2.22902618e-03,\n",
      "        4.42879245e-03, 8.83587695e-03],\n",
      "       [3.53339270e-02, 8.34542818e-05, 1.55896700e-04, 2.69967671e-04,\n",
      "        5.82928616e-04, 1.18992835e-03, 2.40315001e-03, 4.50908424e-03,\n",
      "        8.95006417e-03, 1.78536267e-02],\n",
      "       [6.96400268e-02, 1.54936129e-04, 2.95210238e-04, 5.28138682e-04,\n",
      "        1.09386463e-03, 2.22902618e-03, 4.50908424e-03, 8.96858442e-03,\n",
      "        1.77538085e-02, 3.54312360e-02],\n",
      "       [1.39329218e-01, 3.05249318e-04, 5.79162977e-04, 1.03707638e-03,\n",
      "        2.17229705e-03, 4.42879245e-03, 8.95006417e-03, 1.77538085e-02,\n",
      "        3.56877509e-02, 7.12056040e-02],\n",
      "       [2.78494219e-01, 6.09462314e-04, 1.16018761e-03, 2.09028534e-03,\n",
      "        4.33959856e-03, 8.83587695e-03, 1.78536267e-02, 3.54312360e-02,\n",
      "        7.12056040e-02, 1.42578129e-01]])\n",
      "      jac: array([-4.12082794e-05,  4.60516198e-05,  4.30177737e-04,  1.04186249e-03,\n",
      "       -9.96501121e-04,  4.62086282e-04,  1.15954475e-04,  3.87261689e-04,\n",
      "        1.41484364e-04, -6.15566305e-05])\n",
      "  message: 'Desired error not necessarily achieved due to precision loss.'\n",
      "     nfev: 1178\n",
      "      nit: 61\n",
      "     njev: 106\n",
      "   status: 2\n",
      "  success: False\n",
      "        x: array([-1.00001114,  1.00000002,  1.00000004,  1.00000002,  0.99999977,\n",
      "        0.99999968,  0.99999935,  0.99999869,  0.99999729,  0.99999453])\n"
     ]
    }
   ],
   "source": [
    "a = r = n = 10\n",
    "b=1000\n",
    "params = [a, b, r, n]\n",
    "def penalty(x, Pk, params):\n",
    "    for k in range (1,13):\n",
    "        Pk*=10\n",
    "        a, b, r, n = params\n",
    "        function4 = f(a, b, x, n) + Pk* (r - np.dot(x,x))**2\n",
    "        return function4\n",
    "x0 = np.ones(n)*0 \n",
    "solution3 = minimize(penalty, x0, args=(Pk, params))\n",
    "print(solution3)\n"
   ]
  },
  {
   "cell_type": "markdown",
   "id": "49726a33",
   "metadata": {},
   "source": [
    "### Comment\n",
    "Using b=1000 returns similar results, an array of x=1. However, the number of function evaluations increases to 1178, meaning it is less efficient for when b=1000 as computational time increases."
   ]
  },
  {
   "cell_type": "markdown",
   "id": "54fe6146",
   "metadata": {},
   "source": [
    "#### Part IV)"
   ]
  },
  {
   "cell_type": "code",
   "execution_count": 16,
   "id": "5d297d7c",
   "metadata": {},
   "outputs": [
    {
     "name": "stdout",
     "output_type": "stream",
     "text": [
      "      fun: 31.999101739699324\n",
      " hess_inv: array([[ 4.16621921e-02,  5.14157650e-05,  2.49191284e-05,\n",
      "        -2.09726139e-05, -3.93188737e-07,  3.14574693e-06,\n",
      "         4.23639560e-05, -3.46284362e-05, -7.00289615e-06,\n",
      "        -2.33755692e-05],\n",
      "       [ 5.14157650e-05,  1.65858009e-02,  3.12667196e-03,\n",
      "        -1.74768326e-03, -3.11117979e-03, -3.05487221e-03,\n",
      "        -3.25685580e-03, -3.41641466e-03, -2.13709402e-03,\n",
      "        -7.93545366e-04],\n",
      "       [ 2.49191284e-05,  3.12667196e-03,  1.42675692e-02,\n",
      "         1.71190704e-03, -2.11058288e-03, -2.73741328e-03,\n",
      "        -3.18202945e-03, -3.00065485e-03, -1.79498002e-03,\n",
      "        -1.06768585e-03],\n",
      "       [-2.09726139e-05, -1.74768326e-03,  1.71190704e-03,\n",
      "         1.38345172e-02,  1.62499459e-03, -1.75759012e-03,\n",
      "        -2.80856936e-03, -2.38655929e-03, -1.52981325e-03,\n",
      "        -8.67310738e-04],\n",
      "       [-3.93188737e-07, -3.11117979e-03, -2.11058288e-03,\n",
      "         1.62499459e-03,  1.42861995e-02,  1.46436478e-03,\n",
      "        -1.24732853e-03, -1.83671034e-03, -1.35733727e-03,\n",
      "        -1.10260296e-03],\n",
      "       [ 3.14574693e-06, -3.05487221e-03, -2.73741328e-03,\n",
      "        -1.75759012e-03,  1.46436478e-03,  1.44084477e-02,\n",
      "         1.91461093e-03, -1.29586263e-03, -1.26217378e-03,\n",
      "        -7.52934252e-04],\n",
      "       [ 4.23639560e-05, -3.25685580e-03, -3.18202945e-03,\n",
      "        -2.80856936e-03, -1.24732853e-03,  1.91461093e-03,\n",
      "         1.50464502e-02,  2.26877316e-03, -4.29985195e-04,\n",
      "        -8.19732690e-04],\n",
      "       [-3.46284362e-05, -3.41641466e-03, -3.00065485e-03,\n",
      "        -2.38655929e-03, -1.83671034e-03, -1.29586263e-03,\n",
      "         2.26877316e-03,  1.46219076e-02,  2.60621791e-03,\n",
      "         5.18527253e-04],\n",
